78
67
58
62
3
38
54
97
1
73
86
65
63
69
25
98
91
73
74
23
72
72
68
8
59
96
96
23
46
23
7
94
74
99
69
69
62
33
90
99
1
38
50
46
23
91
74
65
58
28
47
26
93
81
21
13
53
77
63
74
24
72
73
8
99
33
92
90
71
56
61
7
18
58
85
19
53
47
65
95
67
28
92
44
40
48
63
48
77
45
32
30
47
24
12
77
32
18
57
70
25
68
54
66
31
52
89
64
70
95
83
2
69
69
13
22
19
29
100
79
12
56
20
28
82
66
12
24
20
61
20
77
84
22
22
42
86
39
4
73
38
97
39
49
44
9
52
82
76
52
84
76
68
27
58
80
28
91
4
15
41
44
43
63
65
55
89
52
31
93
65
90
96
84
49
78
34
86
28
65
44
40
63
10
15
71
11
80
83
55
1
92
37
15
62
29
15
94
35
23
50
